35.72022649666667 127.902007485 0.509900832051912
35.72022611250000 127.90197309416666 0.509900832051912
35.72022572833333 127.90193870333333 0.509900832051912
35.720224814999995 127.90190317333333 0.509900832051912
35.720223901666664 127.90186764333333 0.509900832051912
35.7202237566666669 127.9018353475 0.509900832051912
35.72022361166667 127.90180305166666 0.509900832051912
35.720222927500004 127.90176951083333 0.509900832051912
35.72022224333333 127.90173597 0.509900832051912

35.72021999 127.90166992166667 0.509900832051912

35.720218446666664 127.90160330666667 0.509900832051912

35.720218581666664 127.90153686166667 0.509900832051912

35.720213738333335 127.901442065 0.509900832051912

